netcdf u.yz {
dimensions:
	time = UNLIMITED ; // (181 currently)
	z = 96 ;
	y = 32 ;
	xh = UNLIMITED ; // (6 currently)
variables:
	double time(time) ;
		time:units = "seconds since start" ;
	double z(z) ;
		z:units = "m" ;
	double y(y) ;
		y:units = "m" ;
	double xh(xh) ;
		xh:units = "m" ;
	double u(time, z, y, xh) ;
data:

 time = 10800, 10860, 10920, 10980, 11040, 11100, 11160, 11220, 11280, 11340, 
    11400, 11460, 11520, 11580, 11640, 11700, 11760, 11820, 11880, 11940, 
    12000, 12060, 12120, 12180, 12240, 12300, 12360, 12420, 12480, 12540, 
    12600, 12660, 12720, 12780, 12840, 12900, 12960, 13020, 13080, 13140, 
    13200, 13260, 13320, 13380, 13440, 13500, 13560, 13620, 13680, 13740, 
    13800, 13860, 13920, 13980, 14040, 14100, 14160, 14220, 14280, 14340, 
    14400, 14460, 14520, 14580, 14640, 14700, 14760, 14820, 14880, 14940, 
    15000, 15060, 15120, 15180, 15240, 15300, 15360, 15420, 15480, 15540, 
    15600, 15660, 15720, 15780, 15840, 15900, 15960, 16020, 16080, 16140, 
    16200, 16260, 16320, 16380, 16440, 16500, 16560, 16620, 16680, 16740, 
    16800, 16860, 16920, 16980, 17040, 17100, 17160, 17220, 17280, 17340, 
    17400, 17460, 17520, 17580, 17640, 17700, 17760, 17820, 17880, 17940, 
    18000, 18060, 18120, 18180, 18240, 18300, 18360, 18420, 18480, 18540, 
    18600, 18660, 18720, 18780, 18840, 18900, 18960, 19020, 19080, 19140, 
    19200, 19260, 19320, 19380, 19440, 19500, 19560, 19620, 19680, 19740, 
    19800, 19860, 19920, 19980, 20040, 20100, 20160, 20220, 20280, 20340, 
    20400, 20460, 20520, 20580, 20640, 20700, 20760, 20820, 20880, 20940, 
    21000, 21060, 21120, 21180, 21240, 21300, 21360, 21420, 21480, 21540, 
    21600 ;

 z = 20.8333333333333, 62.5, 104.166666666667, 145.833333333333, 187.5, 
    229.166666666667, 270.833333333333, 312.5, 354.166666666667, 
    395.833333333333, 437.5, 479.166666666667, 520.833333333333, 562.5, 
    604.166666666667, 645.833333333333, 687.5, 729.166666666667, 
    770.833333333333, 812.5, 854.166666666667, 895.833333333333, 937.5, 
    979.166666666667, 1020.83333333333, 1062.5, 1104.16666666667, 
    1145.83333333333, 1187.5, 1229.16666666667, 1270.83333333333, 1312.5, 
    1354.16666666667, 1395.83333333333, 1437.5, 1479.16666666667, 
    1520.83333333333, 1562.5, 1604.16666666667, 1645.83333333333, 1687.5, 
    1729.16666666667, 1770.83333333333, 1812.5, 1854.16666666667, 
    1895.83333333333, 1937.5, 1979.16666666667, 2020.83333333333, 2062.5, 
    2104.16666666667, 2145.83333333333, 2187.5, 2229.16666666667, 
    2270.83333333333, 2312.5, 2354.16666666667, 2395.83333333333, 2437.5, 
    2479.16666666667, 2520.83333333333, 2562.5, 2604.16666666667, 
    2645.83333333333, 2687.5, 2729.16666666667, 2770.83333333333, 2812.5, 
    2854.16666666667, 2895.83333333333, 2937.5, 2979.16666666667, 
    3020.83333333333, 3062.5, 3104.16666666667, 3145.83333333333, 3187.5, 
    3229.16666666667, 3270.83333333333, 3312.5, 3354.16666666667, 
    3395.83333333333, 3437.5, 3479.16666666667, 3520.83333333333, 3562.5, 
    3604.16666666667, 3645.83333333333, 3687.5, 3729.16666666667, 
    3770.83333333333, 3812.5, 3854.16666666667, 3895.83333333333, 3937.5, 
    3979.16666666667 ;

 y = 50, 150, 250, 350, 450, 550, 650, 750, 850, 950, 1050, 1150, 1250, 1350, 
    1450, 1550, 1650, 1750, 1850, 1950, 2050, 2150, 2250, 2350, 2450, 2550, 
    2650, 2750, 2850, 2950, 3050, 3150 ;

 xh = 1000, 1100, 1200, 2100, 2200, 2300 ;
}
